; Vector file for the brent-kung implementation

radix           4444    4444    14444
vname           a[15:0] b[15:0] s[16:0]  
io              iiii    iiii    ooooo
tunit     ns      
period    4       
tdelay    -0.05 FFFF    FFFF    00000
tdelay    3.7   0000    0000    1FFFF
vih       supply  
Vth       halfsupply
vil       0.0   
trise     0.1  
tfall     0.1  

;Bit patterns that will be applied. 
                0000    0000    00000 ;0
                0000    0000    00000 ;4
                0001    0000    00001 ;8
                0000    0000    00000 ;12
                0001    0001    00002 ;16
                0000    0000    00000 ;20
                0001    0003    00004 ;24
                0000    0000    00000 ;28
                0001    0007    00008 ;32
                0000    0000    00000 ;36
                0001    000F    00010 ;40
                0000    0000    00000 ;44
                0001    001F    00020 ;48
                0000    0000    00000 ;52
                0001    003F    00040 ;56
                0000    0000    00000 ;60
                0001    007F    00080 ;64
                0000    0000    00000 ;68
                0001    00FF    00100 ;72
                0000    0000    00000 ;76
                0001    01FF    00200 ;80
                0000    0000    00000 ;84
                0001    03FF    00400 ;88
                0000    0000    00000 ;92
                0001    07FF    00800 ;96
                0000    0000    00000 ;100
                0001    0FFF    01000 ;104
                0000    0000    00000 ;108
                0001    1FFF    02000 ;112
                0000    0000    00000 ;116
                0001    3FFF    04000 ;120
                0000    0000    00000 ;124
                0001    7FFF    08000 ;128
                0000    0000    00000 ;132
                0001    FFFF    10000 ;136
                0000    0000    00000 ;140
